  
             
        350
       4      1
           
  

                  
                   
                     
                  
                   

                        
 
                   
      1  
 

                                 
 
                                  
        1  
         1  
         1  
    0        
    0         

            5 
                                    

            5 
                                  

                        1                0 
                                    

                          2                              0600     0 
                                     

                        3                              0600     0 
                                      

                        4                              0600     0 
                                     

       0  

                        1    0  
  
        0              0         
   
                     1  
                    1  
                    1  
   

             0      9       0      0  
   
                      1  
                   1  
                    1  
   

             0         
   
                      1  
                    1  
                    1  
   

             0          
   
                      1  
                    1  
                    1  
   

      
   
                      1  
                    1  
                   1  
   
  

              
                
              
              
        0 
 
